2767
5859
7199
1205
5182
8919
8082
2820
8722
3183
9905
4807
9691
5106
8186
3881
2316
9492
697
4679
5627
5375
8629
489
8149
2792
2602
1178
1293
2177
1872
5338
9996
9757
2497
4189
7086
4662
3764
4509
1731
1211
158
4866
467
2581
9464
7497
9500
4574
8076
7285
8184
7148
3530
7100
1805
8523
7051
8389
9702
52
6421
6632
9429
4314
5433
3558
8878
712
7920
3725
8715
4399
6937
3559
3912
8477
7540
9694
8735
3584
7692
3561
6528
5359
3747
4321
1748
4434
5499
1928
6864
7306
5324
7939
2122
4133
1258
2467
2162
5646
4216
7262
751
2996
5452
3848
7372
3439
5682
2424
851
764
1605
8263
3511
4919
996
8035
1923
9452
2754
2138
639
2990
1299
3138
5367
7543
5054
1424
254
7421
4675
8590
2146
2538
6612
9494
134
5432
9824
5903
7184
8542
6735
6497
7313
3119
7354
2151
5692
9202
789
4507
1315
63
7311
3207
5880
7243
4577
5314
8701
3877
8471
407
4563
8027
4232
7674
7245
4988
9370
9900
6319
7935
8418
8755
7989
155
8053
863
8115
1216
5308
7915
8940
5745
24
6472
9995
463
7133
3716
9600
1095
6952
5482
2290
4231
7570
7505
8174
2624
9890
4272
3612
3165
9735
4698
2713
634
1685
6458
3285
8623
2416
9632
1957
287
6839
4628
6160
1623
7643
3396
6376
6588
5587
8688
8609
5893
1987
8369
3723
9712
9131
5372
2665
176
3435
4713
4972
1662
3076
5112
6507
7819
6880
2418
7661
8236
8806
8605
3448
2353
5043
6562
9046
456
1354
1305
4938
6082
5329
5192
2594
700
5420
2545
1766
8714
1232
7695
5921
2111
3776
3501
59
4251
942
2359
8906
1367
5379
6703
3288
8529
2604
8454
6498
7257
8138
3147
8821
5957
8118
5157
6484
1244
6296
5286
5170
1995
8925
2864
576
3701
5478
4156
2833
5643
3802
8697
8808
8193
85
2517
4010
3646
3574
6195
9381
2258
1601
8197
8528
1382
6162
3751
8304
1821
3755
595
2986
9229
921
100
6898
683
7531
5351
2940
6247
3639
6167
6026
6853
8273
9687
7900
2525
3381
7400
8157
3516
9135
7349
4183
1654
9938
1576
4779
8457
3335
8034
3395
9180
7344
7066
5344
1658
7267
4438
1010
7090
7635
2447
8611
2101
5279
1525
4740
4991
585
5525
7736
3429
969
4241
8269
7639
3014
2250
2397
370
6373
502
5963
4539
8971
8071
5782
5250
4770
3975
6289
3215
7519
9120
5139
1769
8636
7472
1824
36
7671
3121
9560
9094
8481
1888
4053
8796
9355
2845
2023
4707
3829
1125
6550
4630
943
9044
4026
9633
6031
2483
8299
1210
6046
3616
1227
3661
5941
5555
5443
6669
7638
7005
4109
1425
8195
807
5874
1835
5310
6362
5667
9278
6217
2852
849
5025
6987
4165
9140
9532
8721
9487
7652
4808
8516
642
2315
4200
3983
3063
708
6104
371
9331
7966
4442
3293
187
2627
7751
6521
2029
2636
6477
2236
9899
679
5684
2175
4212
9564
1975
9771
2252
1361
9986
2445
2566
6752
5297
4638
9095
1799
169
953
2082
7336
4512
6354
6212
7530
2680
828
3253
8649
7368
2866
122
2474
2808
4963
2936
4299
1355
7701
3847
1274
7630
9205
4089
7896
274
5428
3674
190
6192
2485
4953
3712
8109
3889
7774
9912
7075
5117
8920
4168
9417
9648
2947
9627
4989
4102
1272
4554
2225
7672
1561
5497
3644
3351
3220
2583
2741
113
955
8884
5052
7855
7364
6795
6196
3201
878
2883
4993
9758
6769
9109
7063
466
1063
3803
2020
5504
3021
9177
4818
3693
6552
6746
9611
660
1713
929
5529
3753
7367
8595
8838
1897
682
3565
7157
8951
8694
6697
247
230
9076
6042
8625
648
3363
811
1150
8327
3409
8749
2965
3115
2182
7821
5625
541
3134
7618
3257
9361
2766
1677
2287
178
887
5900
1317
8638
936
2659
8952
5631
5439
2056
3852
1890
4929
5751
3967
435
5717
9314
5952
1742
4739
9458
9043
6420
2728
4913
19
4560
8428
3996
6862
3953
7138
8008
4850
6757
7114
688
2902
1910
7718
1680
4176
2488
2211
9716
3963
3606
843
6411
2385
3096
1577
2314
7014
6314
2380
2491
9803
776
9190
5118
8001
2266
3593
9479
4016
1476
9034
1459
623
6883
5628
559
8398
778
5340
6730
8657
8813
2429
4865
1008
798
5086
1497
7170
9273
2951
8446
3677
1028
7547
3700
2797
7482
7370
7682
6308
5662
2309
8741
1720
1243
6799
3295
848
5158
3112
1610
5678
610
2441
4199
6229
9762
131
6651
9967
3945
9008
7666
8927
9606
5854
8686
8060
2813
3310
7721
2198
2326
5597
5044
7437
4928
1037
2244
5701
6969
9862
6202
5883
4190
7978
7651
1340
1378
4422
2779
7044
8228
3197
3524
4001
6658
1962
5820
8362
3292
7694
1806
1066
4822
8354
4136
6213
2189
993
457
9031
7560
1500
8353
2257
853
278
4418
3195
2278
2401
2437
9350
1004
8306
3465
1858
9484
6344
9113
6567
8448
1385
8438
5496
6461
9162
3899
5566
7361
6819
5171
7436
4425
5272
2180
1765
3647
1123
5898
739
8672
1193
8538
1752
4617
4137
598
7185
5352
3213
3870
1591
1841
1295
3000
7709
4451
446
1160
7168
4318
3410
1503
9301
8908
9482
310
222
4518
3041
5967
3383
9848
75
3536
1094
7649
6433
2307
5014
9155
7000
6398
2426
7945
3486
1169
6491
8302
6616
4069
2033
866
6557
1848
1136
5947
1331
2509
2994
4611
1990
904
8086
4506
9835
8178
438
5591
8067
1626
2593
4096
7940
1860
5234
4569
5632
7937
8218
3423
861
9199
4450
6542
2695
8313
265
3920
9761
6087
7451
7528
7
1164
6926
6866
9639
2901
8129
6581
4378
1471
101
9770
6533
7346
8932
9801
6303
3064
4124
2896
4597
7120
6113
1301
9271
3851
1583
1570
6930
997
9257
3137
6717
4416
2905
7251
9887
3696
5708
7524
5602
3212
1112
3894
890
5852
1452
6653
7382
9590
1351
6345
6059
6443
6524
1140
5986
9635
1818
2999
7489
5585
1666
7321
857
4357
1313
2603
6057
4161
5605
7827
8188
9852
855
3794
2839
957
5330
6360
148
914
5808
4198
3676
5987
8234
3223
5754
7506
1607
3727
2615
391
5311
8929
7188
2667
7348
4405
8753
7702
2616
6410
3777
8588
7849
1418
3359
511
5729
949
1075
5690
2091
5088
4430
9619
3231
7596
7783
7881
421
8763
965
4705
4101
4731
8849
4313
6962
7677
7232
9428
1951
6176
995
2463
409
7822
7160
5498
3382
558
9137
3537
2760
3375
4054
4373
2208
3813
2893
9556
3230
2542
1016
6960
5873
4414
5687
1195
7268
5970
2960
257
6351
1172
9378
6797
4847
8093
240
3010
579
2580
2496
1406
2341
7624
9580
7522
3124
839
8054
6553
9568
959
4534
3974
1069
6520
8963
5050
6598
625
9485
3129
5218
3082
6894
9372
2415
6998
9066
9270
3931
1189
445
6957
5936
6734
5120
7552
2930
2061
6222
631
8017
1013
7290
7164
7280
9954
3635
172
2421
2119
2796
2685
4728
5992
611
4772
5851
1830
1722
2425
7110
7435
8241
2324
5041
9473
3048
3281
7720
1655
7681
615
9382
7015
5328
6378
3827
3567
5817
3698
9985
7863
7886
9336
698
3365
269
8578
3527
795
8604
7719
3855
5138
3263
1014
9923
5476
4379
7300
6535
560
6148
7885
8531
3948
1794
1559
4727
3892
5053
7818
8279
3721
9983
4903
6849
6597
3305
1458
4211
9640
8104
7813
9498
2944
4129
9117
6820
5185
9980
1000
5821
2335
2995
1346
6776
8557
5516
9675
9987
3274
6809
4950
4100
267
8775
2136
4688
4718
5824
4297
9083
3930
6338
7997
6805
4796
3352
9070
2334
1603
4351
1153
339
5243
5807
8977
3451
9969
334
1761
6201
1664
4171
355
4436
7202
7050
8771
6110
77
9670
102
747
6670
4306
3914
7781
9626
3999
5295
8926
6085
1005
8661
3140
5700
7444
7287
4557
7616
296
9167
9466
4795
3306
2221
2614
750
9816
3141
2005
6763
7889
961
1831
9234
9289
5553
6761
8994
6896
5853
8503
2657
2055
8360
2239
7780
5331
3001
5866
4665
6403
281
8944
950
6794
8500
7737
7829
4653
6161
2857
6039
5492
2369
8288
1455
7190
2943
5830
4464
3818
1940
8874
9989
4608
316
7129
1594
86
4883
5260
6075
6251
4940
1965
8561
1966
8541
3211
662
218
536
4747
9421
578
2475
6116
7196
4874
1440
3919
273
5360
3219
6276
6459
6350
3795
3114
5280
4193
2834
999
575
4945
5584
4821
9132
5007
7060
441
2911
4806
9425
6024
2436
2793
8635
5036
4144
6437
9723
5544
1817
8737
1689
2499
1339
1431
4552
8314
2769
4471
9785
6590
2963
8495
5639
8545
1443
6956
918
5002
5633
4371
8736
8293
2387
108
9107
8175
5841
7455
6058
319
7887
1564
5231
6629
7974
1038
365
725
7335
3408
5710
6685
2742
8535
4703
9536
4700
5176
4283
3267
5758
1708
6101
4401
8962
8100
6347
8827
6546
895
6277
2592
5264
3961
2305
9255
6905
732
2465
6690
6877
5213
1650
8324
8959
1278
8526
7380
4106
9374
9841
1780
6966
6583
769
8026
9962
3391
6366
3406
4519
9027
4771
7979
6446
464
7609
7442
1973
7265
8622
1439
4087
3299
3787
9159
9825
2888
2096
1985
1667
3509
8388
3421
2153
8949
3384
6997
7247
4658
5971
2539
7717
1741
2495
8556
4222
4013
2668
6929
678
8336
2430
9130
6337
2313
5116
4261
6561
7708
6526
5545
8956
8883
4288
8981
2711
6999
7079
9656
3404
4104
2473
596
2361
527
2181
3940
1732
3735
4328
2690
7965
985
2969
7707
2092
9832
1660
8728
4784
6079
7347
8484
7984
2155
4461
8934
1710
3248
4146
7988
954
7870
874
6469
8713
9643
6393
8900
5699
4732
831
9286
5895
4514
3876
5161
9416
8551
3522
7324
2351
5296
7778
6275
5731
1977
9678
6608
5124
3125
5454
6163
2844
30
4765
7430
8371
6529
6256
1511
7810
1825
8580
4348
7999
1176
3552
5564
2858
2993
4058
8889
3029
7208
5685
6372
6860
3640
6359
5278
2966
4390
4067
9947
905
566
2661
5902
5442
1688
9933
6861
7796
7255
8898
7537
5508
665
279
3526
3743
6534
3051
6845
8000
7318
2988
2745
8312
3518
2047
2216
907
3149
4626
2705
1249
8459
5393
9929
7539
1034
9981
6674
4302
6773
2719
6191
4960
5658
6269
9368
6121
8521
198
8043
2877
8687
632
1552
2746
6068
4409
8653
9042
7744
9056
4860
8732
3724
1767
7794
2739
283
1114
1657
2985
2367
1297
6522
2099
6325
1051
6756
350
2137
3154
2773
1137
5233
8839
3122
3217
119
925
9353
4009
7793
3879
7023
20
8411
5122
3160
4792
6072
9317
2319
6922
7509
2824
4601
1380
7390
9380
8681
6573
483
7276
2068
4192
7604
3726
8560
3289
4985
4000
8752
7529
3075
1856
6108
7502
6624
2179
3117
8754
6402
6060
3009
9496
3564
4237
1523
4712
3864
6680
2702
9945
2276
6663
2777
6977
4582
2504
4742
6818
3312
5911
3979
5389
9855
4061
8135
9291
7469
5066
8965
6422
2788
1391
7594
6681
3926
2978
5023
2579
2803
1
5777
7195
567
2720
3913
1059
3507
4309
4579
9729
3085
5599
1255
9146
3133
8028
3774
5040
9152
4671
3799
4209
200
1843
2658
7146
3373
2626
1194
4743
1465
8703
6475
3347
9958
6787
8098
5660
8278
4576
588
1187
9354
6159
8072
552
5693
4979
7139
6430
3822
6073
1898
9730
6851
5657
663
191
4066
803
6262
9035
8144
2389
8044
4219
3494
8510
6321
3998
7515
3091
6555
6395
9681
3806
25
6183
4956
6672
4643
6512
1311
1256
7033
6153
4457
2823
4291
9553
5792
6695
1409
2285
8768
2937
2987
1678
4075
8693
3355
4827
3978
9682
3020
3079
6017
3985
260
6910
8975
2789
9313
3766
9978
8022
4063
8660
8190
9261
6647
4995
1636
3861
9186
2637
2630
1946
1328
7507
2125
2081
9091
1163
7338
2422
129
7784
7913
7083
7246
3643
7782
3633
1895
2681
2453
734
4466
4971
3261
5046
6620
2949
2318
5915
2492
1695
1120
5950
5878
3645
804
6464
2590
2064
8426
7453
6571
2088
2664
1240
7773
8476
4268
7511
8733
7914
5865
9009
5796
3706
3046
7640
9868
7897
3015
1840
9950
1349
8262
4344
3002
8478
4480
3023
948
4824
1033
3655
5037
5561
501
1467
2546
8902
1944
4503
6825
5441
5781
5257
4697
7687
1118
241
850
5022
1434
8111
9641
7316
1580
6479
8807
9305
4444
309
7954
2304
4281
650
3485
5799
4325
6665
7270
3703
7358
290
2303
5177
5558
3836
1894
6381
1959
7352
1364
3175
3007
6025
9631
62
2072
3043
3205
5997
55
5449
9572
335
4186
7203
1228
1234
8995
544
5953
8985
3504
565
810
4902
881
9902
7582
4253
7544
8618
233
373
9913
8652
4924
4068
5163
1540
9344
7743
8264
5532
9543
8069
3810
1524
7292
3345
6889
9396
9160
9599
7931
6466
6631
836
1116
9907
8930
9587
150
930
9794
5187
1381
7391
3839
6235
5215
9598
344
427
9908
4428
1642
8795
2644
7817
6792
53
7225
3176
7786
383
5552
2801
6643
4876
6679
8853
6299
8395
4140
2822
6841
4831
4748
1177
3218
7791
5263
6442
7189
5972
7077
2729
1933
4957
3642
6076
1930
2686
6884
1464
6180
9418
5325
4502
3578
7789
1918
2931
6953
640
1638
516
3514
3968
4641
5714
42
1707
5125
8553
9657
8255
7025
1338
973
7116
1921
6278
1614
3957
1743
4613
563
7857
366
2148
7790
834
3092
6011
8146
4345
8430
9393
8181
4529
5703
4517
8774
5835
9363
8983
2531
5740
7147
9964
8859
5679
6611
9699
5480
8572
5802
1180
3878
7905
9022
3200
5373
2861
5191
6892
5742
8858
720
3808
8991
8310
9674
7130
9877
1631
7842
4003
6115
3488
1022
1868
4754
3059
5818
6638
7958
7385
760
1428
7805
6814
6480
6485
1104
67
5181
1608
9809
3077
8058
7527
8872
5996
8639
6494
9531
6500
249
486
2869
6198
7597
654
1800
7158
8765
9189
1441
9222
1265
5164
5983
9226
1207
3629
143
7729
1850
6970
2715
9949
7030
1032
8798
4265
7620
6086
6208
5547
2041
9099
8974
2673
4593
2399
4082
8456
7676
2738
9011
4433
4073
9310
1855
7362
773
7226
5129
8352
4657
1074
9751
2015
2031
2821
8654
7871
8351
9440
8194
5990
1241
1519
5347
8120
1574
6332
7278
2974
475
4400
6069
8922
1518
8544
1290
1422
5133
4252
3581
8065
3457
6745
1775
4843
7441
6483
6743
1735
1813
6412
8414
8029
8582
6404
5256
3018
655
6994
8382
3036
4352
5100
8756
7759
3170
9092
4761
7668
5487
2619
1555
9659
6000
4948
4785
8843
6052
1560
9263
4943
3538
4864
5774
8527
6965
7923
5966
8014
6021
3104
6231
9358
6408
2103
4500
2185
9628
2329
2916
8358
2831
1489
8970
8099
7031
8502
4230
4364
694
3185
5836
6976
2672
971
2357
9524
7893
2199
8287
4893
7658
812
9103
3863
9813
4307
8250
7003
1852
2411
1097
121
6607
759
1900
6807
7288
7623
209
4965
7752
8458
4152
4125
7577
3340
2383
6696
6199
1578
2560
5642
1148
1015
5954
1683
637
393
3344
5850
135
9231
864
1719
4402
8658
9001
8488
337
5284
219
8498
9426
3026
4341
1334
7798
9960
8935
2815
9802
8041
4304
9437
7656
1366
7092
671
8183
3474
6193
8087
7814
3589
5769
892
3446
9
7091
5856
4081
2009
2396
7464
126
1969
6660
5147
685
722
5339
3326
3993
8049
9096
4432
9351
6591
9327
4139
7878
285
3668
3523
2342
1287
3670
497
2042
4602
8989
1101
1358
2532
4614
2526
8227
4815
4527
7163
5907
1071
7684
8152
2018
2457
9072
3419
4600
8361
858
7356
2697
7424
1783
6949
4473
7493
9276
8597
9454
5800
1457
6800
7591
5857
8591
4331
7401
1557
4311
6827
2656
5811
6865
5969
3902
6637
3539
6584
1085
5738
8449
628
6574
6927
3891
1778
5879
1792
4330
28
9486
6496
5237
2085
9895
9406
1086
8601
6157
1565
6453
5136
8350
3719
4039
8522
589
9399
6141
9182
8251
2666
5686
9966
4236
127
4745
7235
90
7095
6290
4696
264
9298
3865
3811
7611
2011
9615
8345
6124
5005
5901
3562
630
8999
3918
5918
6967
9114
2095
7675
4634
7317
1587
5223
756
5034
8814
8677
1279
232
8332
2186
1521
2596
6830
429
8915
5089
7811
7350
1468
1002
1600
4426
7070
1230
5656
7858
459
1929
2832
2981
8347
7064
4240
7035
9065
9700
7305
7478
2693
369
3225
7831
3045
775
4497
6409
4159
5468
5208
7179
5031
4486
910
980
3346
6523
3817
361
9332
7043
3477
4674
3741
3880
8408
6171
3989
8987
1145
1266
4882
4023
879
6063
3331
3971
3360
1770
6043
5394
3707
449
9259
2556
9931
3915
6661
8270
8784
4303
2333
6595
8075
3131
2501
2002
9377
317
3875
2558
1515
3178
9129
4724
6482
933
5518
7259
174
946
3475
1885
308
8716
3708
4386
4226
7673
8415
8708
9934
6711
4683
940
5494
7964
5382
4160
3456
8645
8467
9935
9955
4896
186
9243
1980
354
3192
7492
2721
3923
490
4194
6749
3417
3025
6649
1538
2952
8384
7612
673
2737
909
696
3277
404
8543
4363
4632
4420
7928
8627
5604
9371
9888
5413
6328
981
2317
3254
2159
1427
7440
5838
3483
1632
1579
8718
2129
8166
6879
9557
9637
5778
8397
2806
4342
6144
7715
6268
9467
3264
1563
1242
3481
9519
4572
4659
7916
7476
1421
106
9102
5408
3531
5926
517
9504
1784
7860
4848
6004
8873
4629
213
1532
1064
1225
9604
5747
8434
5757
5082
8337
2957
5673
9184
3695
3323
2726
859
7096
898
43
6518
9798
7585
9093
815
5648
3224
1851
6531
2886
2124
2193
9431
66
3161
6219
1715
292
9266
928
3620
4356
2222
5349
7753
7274
1528
7105
380
8051
6111
7779
8593
7957
6911
599
9427
6549
5978
1336
7067
9722
2118
529
5273
3309
2014
9480
7756
137
9688
8600
6138
4973
2875
6678
7792
3279
584
1700
7273
68
3458
9402
7962
4271
14
7137
3730
7557
8325
9542
4064
7912
3342
9714
7061
1643
3573
8847
6206
3095
5919
1998
4169
3074
4648
4780
3422
5889
3853
4701
8493
533
6936
2400
7207
6775
2300
3459
1757
1509
7683
562
8373
7943
6216
4249
5121
5240
5459
7411
3428
727
6401
2248
3688
1883
8822
2133
7812
5172
193
4914
6996
7301
5370
1121
3371
5302
6304
5994
9939
8182
9838
1882
4774
6700
9746
6548
7123
8078
4273
6210
7481
3256
1845
724
3424
6564
9994
1983
702
2053
152
2108
770
7045
1931
5235
2900
6828
5479
4751
8812
5417
5416
6958
7840
3135
6038
9622
9654
9463
9597
9153
5419
9303
5425
8888
1449
7298
3028
977
4620
8417
5718
2094
327
3903
3780
871
2694
2530
1545
6244
896
1807
7693
4036
8966
8633
17
4203
7473
3136
4229
5659
3054
1958
1222
1774
139
5775
5317
9525
9435
2747
430
4084
2600
8986
9766
4172
8953
2052
765
1842
805
8391
5783
2355
9218
8
7264
9756
4592
4692
9634
9859
2770
8620
4032
3673
6165
4925
9911
2392
6516
992
6605
9662
9212
743
5474
9041
1676
8867
243
7494
2846
2267
4393
5242
1456
5271
5361
1857
6560
1483
3956
8199
7456
9133
9062
7069
6744
5514
8298
1019
7541
7334
2764
5169
522
142
3349
2469
1470
5252
9060
1333
4730
4048
5093
603
8217
6215
2301
9032
3943
6168
9609
3598
5884
9506
8437
2640
1625
3203
5320
8334
493
7388
3949
6323
877
9262
9574
8641
1472
6904
2025
332
5934
6758
4301
1877
3307
4800
8655
1984
140
6755
7504
5890
3939
7337
5303
3348
9230
5477
6630
5224
4621
8208
5973
5401
8386
8950
3550
3675
461
1170
359
8743
2076
2835
8215
4640
5721
6197
4690
7009
2518
4343
1275
9249
3280
450
9074
1730
4828
8979
1529
330
4493
2114
9284
9209
6123
2884
2358
1080
1208
1396
7932
8947
4225
6923
8225
994
352
1147
6869
7565
168
7917
5744
3493
2643
8776
2261
8177
5543
7657
9365
83
9025
9811
7631
7080
6941
3972
7772
3710
8682
3204
521
2814
3544
6964
9953
5011
8664
7803
6107
8392
6881
3436
7809
1115
2577
468
284
220
2010
1096
1844
1481
8619
8881
7558
2246
45
3241
9387
9101
9451
4685
6120
3068
2510
7843
6572
1433
297
6942
9139
6092
2187
2688
8204
1878
4717
9800
6311
6991
5012
9817
8406
6657
4424
2292
3947
9143
7532
7909
8295
453
1737
7200
5354
3089
156
4699
4793
3024
1403
2607
9196
5173
1184
9147
8875
3333
9529
8486
9666
3579
2428
8170
689
8802
1102
5909
6077
5001
7026
5500
9507
6152
771
4455
5609
7426
6784
7956
7996
7101
3638
785
7815
9343
2500
7227
8621
340
8023
8276
4475
1020
5976
5080
9537
4536
5190
875
3812
2646
4150
4545
8045
651
2871
4888
7610
1057
8656
713
8592
6718
543
840
3541
2152
8961
6266
8404
6489
719
539
6097
4961
4459
3339
3951
526
7533
8844
3003
3062
3994
7178
1394
4484
6254
9973
5929
5103
1387
6305
5691
6801
8789
8608
5397
114
7470
500
5984
4954
7749
9403
1652
1746
3786
6175
7952
18
2725
2150
7047
5276
9593
3492
7580
184
6684
1663
9514
1325
5469
3128
1687
7633
4839
8663
7206
4933
4117
9293
5255
1836
3597
6312
1630
4637
6340
3047
487
4556
7022
1397
3148
163
6140
5616
4138
2878
6329
9807
821
1834
7927
791
7867
3798
1703
3080
4469
7973
1073
4074
4258
6405
2209
9510
1501
8064
1604
7728
9064
3269
5847
2097
2362
6015
3132
677
1939
2609
1197
6613
348
1446
5197
3380
4525
8901
1350
5980
472
7459
5130
3884
3084
941
5810
3368
6427
1526
3094
8365
5629
4397
991
2145
2036
9388
8440
6190
1777
5268
275
4488
6712
248
9077
9118
8684
8570
1901
8876
1277
1062
1721
8942
4315
8831
2352
4121
5077
2264
6603
9448
707
7303
8766
8628
7021
6834
9581
8240
5803
2687
4052
5015
3330
2325
4846
852
5829
7112
1751
3694
9605
3528
1415
8691
5519
6609
1202
8845
7379
7150
766
935
16
3742
6112
4011
7765
5402
9439
8816
7236
5989
2838
9040
9614
9965
5154
7405
4406
8650
1108
7576
5567
1173
8333
3872
6736
3841
3221
5293
1595
8094
9743
7173
3595
9423
4040
1490
9552
9279
1814
2880
167
9999
7107
6617
8705
1912
638
3651
1307
2240
5467
7758
7487
7403
7761
4813
8916
6768
6396
6287
1773
7499
520
9707
7315
1932
1963
3590
9660
2195
3179
5797
1282
6127
7874
2058
6450
674
1916
1388
8513
9282
4267
4182
5961
4498
5636
3720
5974
1128
4445
7103
9002
518
2413
6170
3275
2098
6882
8132
6610
7495
6804
9909
1776
4033
3244
5186
4086
5392
9116
5131
4179
9554
9651
7098
2853
9957
136
5312
2890
5965
306
7427
2950
3214
5017
624
5940
4030
8518
4395
2112
5095
5705
8291
1103
8948
9704
6156
3754
2956
9703
7406
9710
8790
7725
2569
8759
3596
7599
4460
9036
9164
3840
9822
8704
2955
9272
9136
1496
2235
6634
437
9321
6361
8880
7404
1158
8659
6618
1573
5067
3505
8390
7378
4642
8338
4382
4855
616
9236
2859
8730
3895
6342
1641
681
1412
3237
2130
2800
2642
5784
3758
6648
118
1789
3426
8670
7369
7132
4270
3304
2984
5736
6563
9438
612
3790
6750
5194
1335
7106
2959
5748
27
5209
7645
7182
4279
5481
7118
2572
8739
2439
7490
1077
550
3907
1672
2328
8405
8011
9395
2021
6236
4867
477
8918
9854
2192
6358
5087
6821
9944
2536
2544
5348
3109
7654
1419
5464
2486
8894
2568
7422
7496
6682
1204
7961
6539
175
2904
4
7941
9927
9398
6474
6348
31
9337
6272
2263
5765
3604
7637
7198
7876
2043
2269
9566
6502
6100
4118
9308
2356
531
652
6242
8512
2241
1390
5326
6863
9740
9058
3608
5229
5653
8497
3437
9645
6858
5725
49
6288
5624
6428
4544
5241
2409
5897
7762
9629
4028
9352
5113
9541
6169
7310
2586
4764
5483
5825
869
2350
9705
2734
9850
768
7536
7542
2459
2710
8993
1495
9982
473
4482
5076
1372
5435
5582
9922
3821
9642
2653
7399
2802
6270
2650
8769
8685
5204
4906
6377
6002
2678
1718
2523
3832
670
4837
1686
2768
1250
8163
4122
343
2268
8101
5939
8153
6371
3788
1219
2958
3287
5664
8275
4588
3186
1539
4375
7977
1146
838
2057
4327
2527
1491
6955
534
2299
7847
8125
5715
8793
9910
7975
3512
6291
7844
4521
1411
5606
4737
4127
8782
9483
1837
2989
1322
5038
4612
7866
1999
1994
525
1485
1414
9071
967
9254
3950
1119
4059
1383
3520
4776
79
5789
1809
3510
2049
7269
5644
3873
3660
5253
1584
6102
32
8599
7371
6135
3582
4305
294
3472
239
7468
808
6532
7679
2776
512
212
6650
1675
7518
3473
9239
7027
8286
7722
8536
3139
9914
3276
9148
7461
7304
9535
9844
3521
3732
7903
3334
8877
7545
4354
9584
8764
602
6083
1562
259
8443
2489
7365
6109
9755
9288
5746
9290
9920
4337
7650
7155
5466
9414
7562
5123
5111
6594
8841
482
4603
9436
6356
2498
3163
6899
3805
3569
876
3966
4947
7864
9596
2451
1712
8780
9567
2286
3659
9894
2243
9067
9796
1152
3180
6432
9875
4083
179
5203
9610
844
5563
2477
8698
2139
989
3934
1360
8997
3463
8238
6580
8216
7713
2588
729
3146
4803
2757
87
5027
5091
3235
8911
5058
4202
6943
9990
4173
1017
7595
57
6349
5387
5828
6602
507
8130
7418
5108
2521
5619
5511
3259
5958
7804
411
2662
2618
9141
3909
9885
345
8106
2608
3728
5426
8461
3376
5635
8871
4746
4223
1740
2220
3182
6707
4290
9211
2703
4472
1117
4453
4702
5816
761
3106
1593
4275
1927
9318
4131
9018
8335
4037
5447
8055
3816
1558
717
9625
3781
2105
3859
547
8248
9455
983
7477
6948
2065
6902
9052
6780
5065
4668
1705
8818
4259
649
9097
9783
8068
963
8010
5146
1159
8030
8509
8923
6888
4756
9280
6248
5549
5399
72
419
6020
4646
8387
7049
5588
4859
9150
70
8379
9692
6414
7800
952
9247
4135
7309
7696
1175
9349
4072
3460
1669
8738
7608
315
34
312
2194
9836
188
4854
4024
6036
1377
7465
9858
6065
84
5162
7220
8647
5376
1161
8363
9338
6778
1787
2337
1451
6203
3614
8143
3177
5450
2282
7872
286
9530
667
3770
6186
9754
1876
6788
2312
3150
2229
2004
3329
8673
4263
3779
1615
9558
7788
8826
9745
6551
1050
7176
5132
3499
970
9959
2050
9030
1754
3525
5562
1280
471
9696
1058
9780
3850
3401
7766
452
3294
3407
1920
5152
2881
236
2513
5212
1781
4852
4224
447
2804
1665
3358
1144
3166
2249
4543
2167
6723
9244
8447
6382
7590
1214
3540
8662
4999
5024
7669
5590
9220
6003
1055
320
6793
9215
390
6448
5925
3
6725
2302
2786
9123
7837
6677
8928
2707
2173
2384
2649
2393
386
9971
9952
3284
250
2368
2585
9582
8786
5445
3842
6920
9881
627
1405
4669
1098
6071
2470
3898
2455
8393
1711
8056
5637
5630
2563
9265
951
4666
5148
7566
3502
1012
8096
3734
1224
1196
8559
6662
2953
5333
4238
5196
3415
5313
9499
6334
8396
2273
154
2347
7930
5210
1592
5247
8540
9896
779
3718
7921
5395
3111
2247
6188
710
2915
754
1859
8021
5554
7833
9974
7034
5916
8706
413
5159
161
4292
777
9789
7738
9006
5221
7664
3796
7619
2407
2671
3325
3377
3370
4547
6642
6318
5216
3737
8079
3090
94
4130
792
8343
40
1982
2938
8436
9976
6511
5960
7882
508
4389
1871
9026
2505
7636
433
2906
537
9517
6370
385
2774
4394
1288
8637
5362
5709
6760
5568
8537
9106
6098
217
9545
4879
9309
3313
4269
6815
2631
8470
4041
5647
1498
5490
510
5875
1981
7802
3171
9871
8330
5057
96
8231
6515
767
29
4410
8980
1321
3669
1823
2537
9515
9207
6364
439
9943
4250
261
9233
7089
3069
8061
6728
4385
6444
8791
246
8267
5219
6822
7215
6281
1268
8284
392
6224
4719
4358
7283
6394
1375
551
7824
5385
1217
4805
3273
4689
8462
3662
8038
3687
2633
4384
9972
3470
5119
5460
581
2611
3992
903
8742
7223
3445
8136
7209
8180
2433
7152
4710
8731
5410
5068
6048
7082
5654
1089
540
4934
6587
9188
3252
3964
1637
1100
6054
3049
4881
7330
3318
5018
979
7500
1670
7714
9562
3970
5864
9283
9829
9936
1829
6633
908
4095
7142
646
8852
1647
9238
9119
2991
2215
9502
626
9897
5756
9154
7117
884
3938
3513
7252
1790
657
1171
7754
2093
4722
5819
906
9810
7853
6315
4513
4930
7011
1269
9821
5343
4353
194
1213
6080
8616
8189
8229
5380
3366
1165
9753
8385
748
524
1639
3386
8823
6961
4540
5870
1149
7955
2434
3455
1168
2109
6979
4014
7575
2842
1772
3353
6984
6374
8103
6505
5039
7159
9210
4936
6519
9366
3343
6260
1070
7704
1298
3420
1847
6320
1061
1362
8683
3216
621
7258
8824
5220
3969
9594
9901
9763
5763
7644
4804
6053
4479
5444
8751
1486
3959
9951
2889
7272
4045
4853
2975
1942
7845
6463
1479
8037
5346
4206
9168
932
5724
6721
8280
173
7801
4809
8025
5288
6886
6228
548
6726
5580
8423
9176
703
4477
6906
5193
4915
9869
3815
6178
5640
6513
2758
4196
3761
3061
6893
7068
1294
2850
9776
9928
9161
5560
4884
7177
6273
6806
7757
6897
7143
6640
1392
4660
8112
7746
120
4711
9540
3976
3027
7353
2895
9620
4636
2365
4501
8804
74
4783
7229
2460
2233
5702
3099
8139
7108
9684
6044
3534
6179
499
7042
2069
2336
6975
2762
762
9513
9020
9941
1154
1880
6909
2008
5661
5959
3648
706
3311
6625
3412
9493
4047
2946
7475
7449
716
9446
2360
1088
2561
6742
5843
2378
4830
6767
3601
2934
899
6387
5861
7724
9889
7266
8603
1550
5078
9477
8230
5716
2231
6310
4119
6145
5790
2228
8097
641
8634
9468
2310
6252
9173
1812
146
1401
5201
658
7194
9122
4478
6762
3317
7587
4598
3338
5429
3547
8151
2818
2391
4998
9488
3757
4071
8308
6782
2134
758
6295
5298
4714
4571
1308
2163
6714
5451
7383
8245
9797
1493
481
5780
9059
4921
6105
7312
1988
1162
8202
6946
1945
1547
5472
1541
8679
6357
8800
6413
7592
7072
8967
1223
4178
1320
4832
9061
8066
6074
4381
9028
6062
293
1413
555
9223
6078
6006
5150
9775
78
3946
5140
9198
7447
1107
7087
1099
7374
826
4065
1053
546
1047
98
9475
6
9579
2070
1716
9420
7605
7615
4691
4403
2825
8726
3906
9405
1786
8533
8507
1462
4419
1873
5510
9603
4892
1072
1717
5650
8320
9893
7420
2885
3775
5245
5098
1487
6423
7764
9241
9322
9063
9847
6913
8860
6452
784
1373
8095
1861
4287
2935
5368
7828
2012
8848
947
5905
7703
282
9158
7282
1744
4333
1952
3843
2174
1747
6010
3905
1826
5766
192
5211
458
7854
9759
5527
7029
8833
6001
7485
2559
2126
9679
1235
3602
8596
8734
1296
4610
8083
4567
8409
622
4012
5801
2270
3297
4180
6619
9741
8490
2026
5269
1076
1007
3807
6132
2338
600
2370
3717
4811
781
693
3958
4008
7584
814
3341
4587
2147
9171
7039
1989
920
5230
4312
5415
3649
1264
7607
4857
2562
1862
5623
1899
2234
7221
3623
7617
8219
9269
3506
470
1376
1909
9178
820
3691
4645
7929
2635
644
5200
3917
1263
8272
5457
7959
1816
4187
6434
6914
4723
8558
93
5600
6791
2206
1869
1067
1609
4260
8107
378
6646
3664
9045
6416
1759
5315
7685
7934
1653
4878
7093
1961
2964
1589
4802
8329
4005
5550
9078
6189
4916
455
9240
2771
6200
9997
5069
4490
4781
2141
3650
8223
5188
6846
5962
7787
7647
2322
5396
266
5251
4257
1618
7908
5576
1839
2923
9886
8210
1947
9450
9721
9068
7376
4663
422
2983
9356
1482
4994
7603
5008
5634
5115
9203
6243
3301
3467
8546
3425
360
400
2529
7237
8828
3760
934
6558
6363
1971
2533
4080
2484
1913
2740
8696
9409
4875
9612
8258
6271
5085
2006
6843
867
1611
613
3823
1739
4264
7450
4046
4103
3400
7875
1122
1393
3667
2617
4566
2897
6576
3411
7057
5668
2479
3233
3361
3107
3546
6525
6777
5589
3405
1838
41
3973
4282
9516
2606
819
328
1319
8416
7183
2170
8832
6339
3752
8744
5391
6947
2169
1040
9319
7626
2075
2868
1081
1889
2541
3625
7434
1106
3332
8555
2599
5285
4681
4693
6916
7126
2610
601
5594
8412
8128
9019
8855
2087
4927
5174
3251
8479
5436
2311
1093
809
1967
8511
6944
3613
3202
1906
4907
6399
1681
5309
7099
7785
6481
8666
3908
6301
9784
9946
7094
5289
4962
5908
2841
2913
8243
8117
5059
5948
8760
4801
532
8281
4516
9512
2481
8896
6454
1903
3110
5048
9208
9174
2887
9505
8372
4043
4975
2682
8648
519
9165
1996
6676
7820
3464
7408
8063
4709
3834
7275
7018
924
5491
5126
1513
4578
8253
276
7873
92
6369
8307
1726
4437
5827
7054
7256
4967
4204
7474
7181
6279
244
5166
7484
8292
4885
4704
3697
5626
9874
7294
7795
5923
2000
2254
8864
214
5424
6424
2605
2032
4239
2795
2652
2595
8515
7918
8435
4099
6921
7141
9613
8534
8073
9765
4825
4964
9961
9561
9422
1502
797
7995
6436
9948
4317
2731
2298
1314
2110
492
5246
8268
9391
9362
9256
1048
6225
3012
5672
73
6968
1936
7174
5507
5733
5542
3044
5614
8441
5831
7131
6833
8260
6506
1785
5862
8460
4655
4093
9840
2443
6813
5470
4952
4474
9697
2514
314
4553
2161
4380
9033
2924
5772
5520
6940
364
9668
4551
4454
8547
8579
7538
5914
256
571
1733
8539
9719
2751
6457
1651
3042
3804
824
2925
1090
6699
1133
1209
3283
4911
6492
2879
8761
4757
672
9497
8862
9457
4111
3952
3893
5411
1488
2030
9326
7084
8910
709
1327
699
2478
4370
3587
1139
9449
4894
2756
9397
5539
1036
833
397
9360
7074
8640
6033
7628
9904
832
6900
9281
3809
9870
7747
1054
4476
8941
8294
1021
8496
8080
6796
2784
3921
1530
1110
2420
6559
3238
3162
226
6934
2060
3927
1045
3533
6125
3434
4254
3789
2507
1239
157
229
1886
5456
1734
3571
2482
6951
842
4025
9225
9799
6895
7186
3866
6971
4417
6088
1736
6508
6582
6656
4374
5944
5493
7085
7579
7699
9005
9258
8161
1416
956
442
3503
2625
4441
262
426
2679
1056
5526
9726
5942
8355
6623
6005
6172
9384
5753
6543
9665
8610
1132
5676
5674
9768
189
6854
1363
7670
9237
2188
9778
6781
6501
4586
7990
4984
5403
1728
204
346
7332
2348
2374
3033
2917
5353
8196
2573
484
1046
5728
3508
643
8514
9667
9592
7698
6759
4820
7284
2927
394
1347
105
2582
5488
9248
5336
1646
398
3722
574
1808
894
4510
8777
8707
937
7662
7938
3262
5307
1771
183
2084
711
6226
8463
270
205
3621
6716
4537
9680
4277
3327
5622
1302
6938
8232
11
9685
2535
7234
5107
3600
6330
604
7706
8524
4851
7013
7825
7745
2223
7135
1203
9277
6816
6720
1370
9925
1853
5924
2210
182
882
3453
5084
7407
3607
1310
1318
1143
1253
2331
5398
8403
1044
1919
1276
7432
7187
2218
1546
2386
4581
358
3542
2922
2123
4113
6666
7222
9170
5832
9828
7911
3988
8968
3271
6702
7111
103
4835
5261
6316
9919
2918
9713
331
2575
2165
8846
5042
5283
7534
8969
7667
893
2817
2171
5502
1992
6848
4870
2534
6740
2176
7387
7861
9882
3685
870
8702
9112
7241
6847
5930
353
6544
9725
258
2932
883
9163
6490
1905
7213
5945
216
4207
8297
7032
755
4762
9689
1484
5072
8489
58
211
2024
3270
5739
3495
2320
2349
885
7972
6694
2102
1729
8359
8505
9738
4051
7834
2214
8709
4817
4336
2848
1035
923
6449
8815
1494
9029
1018
4944
6654
1292
5785
2543
4649
6530
7375
3897
9010
6286
8344
6503
5998
6545
2156
4604
9698
3862
8820
7486
2700
56
5761
5638
2843
2972
5955
5248
6933
318
737
9089
3432
7341
384
2016
7373
8400
1702
8137
4201
1762
9526
5541
5779
9555
2117
4467
9110
4840
6368
7445
8123
2828
5145
538
5437
8433
3678
8924
8667
4485
255
8870
8964
1254
8300
3078
8792
3922
8758
160
3797
141
5570
7238
8552
1964
4736
3030
2452
4049
4181
8211
115
2654
8429
5540
124
336
9956
4177
50
4725
4038
8602
6355
8897
5845
5534
6704
4034
3040
6155
2973
8626
2327
5226
5294
6114
5538
37
7363
7377
3924
9389
3632
2493
5891
1084
9048
583
9474
6019
6585
6300
591
480
5342
6302
5620
3860
7040
6029
9575
7036
9232
2571
8485
5153
880
1950
3838
1622
4891
7277
7767
2655
1316
4094
9616
5081
8246
3378
2977
9373
2816
2007
7002
3156
5713
7483
2456
462
7357
4276
65
1332
9004
6509
1157
5846
3833
6336
4564
9069
5371
6151
1714
6435
4431
6050
2442
8834
4423
396
968
3683
4233
5727
7551
6118
6668
3364
4595
4057
9748
2376
8249
7769
1874
6012
2584
2487
9145
4316
9481
4447
5991
3784
485
5696
5135
868
1634
9565
6103
3418
3100
5683
7976
3168
7327
3929
1691
1516
4886
847
2291
9023
2874
4976
4274
1438
4932
897
4523
6441
8689
656
6627
307
8431
454
5199
39
2910
9302
8105
8817
110
6184
4105
7924
2158
7463
9737
5834
201
326
8729
8882
1738
1756
564
8568
2073
9456
1668
4076
3849
1105
6447
597
3610
5844
723
8321
9646
8632
9294
9320
4735
504
8842
1697
1934
6126
389
7583
3462
1566
5681
8140
9292
2962
2699
8088
6747
3977
6392
7648
9724
3097
3785
7052
2553
5205
6852
2503
1291
2639
1698
6478
2213
418
7331
4624
8937
6467
2899
2717
4153
5322
8131
2265
2494
6119
7926
6493
2954
7730
9490
1974
916
9573
3944
1009
6811
2882
132
5848
7621
6089
6664
5356
9991
4308
753
2620
10
5127
4616
4528
7480
8124
8614
7949
8562
1569
4856
495
1389
4120
7660
4404
6445
6451
6859
8671
476
8247
912
7593
2730
3681
889
9673
1079
4020
8155
5888
4392
8850
8031
5406
3102
5523
5927
8020
7517
645
8803
8767
1745
635
8004
4158
7228
5771
6293
5239
5000
2344
9586
7686
5855
3388
8587
8413
5004
8420
5768
9419
8465
2783
5357
4895
7629
6204
8976
1477
714
8257
9559
5569
4753
2237
6040
6907
1955
5281
6018
5735
1724
1167
2860
2419
9312
81
5938
2933
1904
6688
3098
2406
4463
8480
5749
4077
3594
7193
8318
2296
444
8913
5762
913
3819
4361
1248
4383
5677
8317
164
5404
5400
1864
9489
4833
5949
5305
6798
7994
3768
8301
3837
5610
3286
6223
8048
5613
5265
4647
9867
4112
8869
9264
3954
7613
2017
5071
9851
2164
6928
1507
4755
4031
2274
9731
553
8282
5495
9323
8631
661
6713
9764
8077
3756
4775
9924
2722
8805
8422
9138
8606
3056
2519
8506
8005
9861
7452
3013
7166
4495
5513
6380
7910
3566
4369
460
9793
2790
8341
666
2675
5951
8574
5198
5323
3476
4826
8825
420
8455
4042
7525
8711
9777
2028
9918
1617
2196
7922
8303
6205
181
235
7548
7165
6824
4670
2077
5665
8239
1682
3387
5651
469
9891
911
2634
1979
4983
338
7201
2382
9880
1527
4680
5581
5365
7231
1190
5165
7214
7856
1198
3158
7981
4625
915
170
5047
8598
1782
2837
2867
4289
3199
3190
6143
8367
7161
8013
6239
7055
6037
7891
9578
7642
3916
9549
1142
787
7998
6425
1379
2157
5981
3081
801
153
692
4575
5155
2872
5837
9183
9166
6128
1508
1533
203
6307
8554
2921
1978
1674
3187
1450
9274
6438
3641
7409
2589
6867
3073
6365
5593
9709
5366
5388
3874
8340
3322
4838
1827
4134
619
1251
3362
4656
4987
5458
6130
3749
7211
3955
593
2778
4050
6655
1303
2284
4622
3444
8799
7008
1597
9367
7389
9977
6456
5291
2567
7550
5316
402
4777
5266
7065
4323
9447
5006
8998
1815
3886
3826
6182
8569
607
2354
322
6600
4349
900
8213
7438
4242
9444
2929
1199
1215
3302
4619
4411
9533
9012
5764
8012
9347
3599
7320
6440
496
3234
9250
5090
4491
4324
4650
6090
2390
9267
1887
1023
6185
21
7395
1442
4286
6639
3657
9085
4935
2516
3888
3369
2402
3440
6954
9157
2121
1337
5049
4505
6614
1348
5290
6211
4215
99
5438
4758
7574
6136
7019
4678
8439
8482
1025
4002
2144
6129
9108
9015
5431
3769
3515
6177
2743
8070
9221
8378
6774
4078
8819
7723
3350
8905
1475
1042
6566
2873
3738
3265
7172
8494
3585
2942
8797
4412
9172
3478
3447
2431
2612
7498
5666
5109
88
1673
7535
3497
2295
4208
3229
9268
9054
3762
2979
5358
664
1572
6803
4549
8289
6267
1884
4295
147
4769
9051
8006
1832
4970
4889
2184
8032
6924
5571
5755
6706
3372
4752
1866
2870
125
4496
7239
6753
6708
6207
2280
570
4185
123
1694
9082
4654
1052
1956
9478
4901
7877
1914
988
7340
545
7329
1907
8699
3560
5099
7076
2054
1510
4332
6166
3145
7659
4448
8938
5304
3070
6891
4166
5559
6417
8425
9340
33
4798
9124
4391
8375
4797
3869
7046
7726
2855
9503
3867
3592
2080
6468
4609
171
5512
2427
4922
7004
1586
2736
7578
3209
2761
1833
8747
5706
9842
7865
7466
3032
1435
5455
9386
4791
89
3704
4508
3416
3627
4188
9683
5823
7122
8887
7832
5528
1480
856
1233
4213
614
4128
1324
3690
6931
7291
302
6027
2410
7412
4589
4015
9930
6415
4248
3250
7890
8074
5345
1111
4329
5793
7038
926
8464
4931
6592
2574
6963
7460
12
1068
9878
3925
6731
3017
6008
7263
8973
5035
7322
3319
8607
8364
288
6995
4568
8904
7398
8748
6715
8665
8581
5386
4937
6131
6227
4462
1237
2154
1341
6701
7646
592
9080
1087
5719
180
1819
1404
6517
3303
4350
825
4890
2090
3393
6901
1755
2160
4293
8036
4367
7678
3580
8322
8062
802
4834
9297
2490
5956
8680
3184
8285
8224
4149
2062
5378
3101
7471
4789
7775
5943
9968
6504
7381
1226
1690
1551
5586
1448
159
3324
5910
3258
2277
9732
7439
8695
4487
387
6808
7384
5505
8781
1612
917
3901
405
2471
6878
3427
3529
4388
4766
432
8113
1881
9341
865
8801
3750
4969
2373
8142
8646
2226
7253
5070
9782
2565
3031
6067
3130
4108
9576
7589
7343
9846
9655
3413
9442
2120
8992
3057
9701
128
4887
1281
9206
8811
5503
1466
2598
4515
1798
9342
6751
1725
6317
2202
3824
9736
6810
4565
3622
6390
515
8550
9814
7742
272
2440
5383
8244
9307
2759
2388
3222
6738
4706
3680
221
9664
730
1344
5244
2116
9126
199
8319
8018
1849
6016
1758
5207
2547
7121
2908
4591
7314
3583
6253
3484
8274
8886
1156
3430
3367
9715
1221
2945
7888
2375
7128
1908
4980
818
7563
5849
4862
3153
4605
4738
4278
2444
6241
1306
1553
4917
6473
5465
6687
1613
5051
9408
3035
9315
8402
2811
6577
5694
4573
4959
2982
4520
5030
1027
2364
3066
10000
4900
7454
6993
1704
6578
2623
6309
1590
6238
9630
6280
1896
2628
6826
976
325
8491
3402
1191
8039
8220
4768
3243
8678
5101
8271
8914
5003
5222
8133
5489
6106
5073
4340
2836
7993
1616
9411
1417
9079
6061
5617
7448
9021
8141
9251
4836
2564
8108
7906
4407
263
1911
669
4504
9672
488
5876
133
7553
4633
1753
4819
434
1353
9252
3729
3568
8445
8452
938
2967
5028
7902
424
9304
3603
9325
9149
9903
9571
6154
4562
367
252
3793
1534
8856
6527
6386
8617
8265
9379
676
8468
1461
149
6903
1499
1867
4682
8644
4085
9988
8114
4413
2476
1749
2540
5977
4110
95
8835
9228
2856
6470
3087
4338
324
2462
9706
1948
6397
6722
5471
5509
6488
6214
6691
5892
8191
7907
4759
6908
7299
8520
8851
4465
8366
5776
2128
5932
9739
4499
8209
357
1659
8160
60
4816
431
8145
3715
6233
3619
3519
6013
1065
9747
944
4741
9663
165
7109
7428
7554
8316
6652
8893
6568
6917
1001
1029
6710
1229
3672
8996
9090
2641
9940
9328
8725
557
3260
1796
2780
4123
5988
7879
7242
3236
2045
8746
3543
744
210
738
4606
7007
333
1463
790
6510
4090
3487
8508
8277
9839
47
6932
3575
7081
9752
5920
8116
3449
8943
5029
4787
506
6257
9921
4651
1925
9570
7967
1368
922
6636
5
4773
3883
6770
1359
1803
1602
6547
5183
1986
9115
1692
9151
8091
237
8346
7960
6621
1797
7145
6064
1273
8172
2799
22
9330
6147
6645
6739
4644
886
8047
3991
2346
5010
8772
701
448
1445
2712
6556
465
5083
4220
6091
822
26
9538
931
1039
4618
990
5896
1879
1922
2622
8492
8326
9993
478
8158
8019
9671
305
8770
5287
6455
9812
2597
1384
7520
4872
4535
2912
7462
8003
2629
1182
7985
7488
7151
4996
6389
4221
4126
9339
1648
4175
8323
2289
9217
342
9717
6870
7295
7925
3868
1024
1238
2366
3174
1342
242
7020
974
8565
680
9760
9727
1206
4849
7883
3904
8212
6856
2013
6419
2172
728
6174
746
2003
7218
4829
5712
3088
1402
4949
9100
4873
1567
6829
6671
3740
5102
423
9300
6754
5786
9873
494
9104
4749
7423
4197
9471
4531
374
1400
8988
3692
5937
3554
528
8119
9781
8356
1474
6245
1517
6569
1329
8261
2692
6282
271
9192
7561
606
4415
225
830
7969
3116
166
4639
3782
8931
412
8085
5063
7830
3443
6032
8192
8830
1506
5079
6675
5869
6925
7191
2078
7153
5332
5734
5698
3228
1531
1131
5021
9823
1582
4062
7933
4195
2587
3960
4526
5423
6729
8917
8419
8615
4538
6589
741
1126
356
873
7850
3652
6094
7308
3321
6487
841
9415
6641
2038
9128
4726
9720
4897
6872
7351
2446
7062
4255
2191
2104
9385
1011
6134
4191
6326
291
872
561
7156
757
7526
2677
2735
7987
1549
796
71
5899
8102
5292
8042
4294
3942
3194
4664
4799
6709
5822
8564
4366
116
8176
684
8643
1091
6586
5355
715
3739
4214
2044
9345
1801
6486
8972
4285
2753
1432
6837
6035
8057
569
7572
7248
8150
9364
3152
9088
6686
8727
774
4570
7325
5814
7443
5075
3801
556
6855
1791
9216
535
2377
474
4812
3083
2450
2709
5434
7167
2
5178
1522
6034
6095
3037
4449
2708
2472
5583
3577
5409
2968
2807
104
8612
2140
9624
304
686
9984
7655
3011
9508
6261
5935
7807
549
321
5809
2727
6765
572
5134
3169
4968
1113
3611
2961
1870
7115
3016
9661
2578
9863
4530
9055
2040
8724
5812
4088
9400
1262
8205
7982
3856
4132
436
1478
7691
7233
2724
8879
2998
8221
8939
5105
5097
6986
3820
7010
3498
7414
5860
8444
3300
3987
6593
9412
4861
3890
5094
6209
2714
5151
6462
4992
9476
975
5804
960
978
2948
6234
6139
8499
7600
7901
5723
2812
2205
3626
9521
6988
13
8200
7124
5773
9607
4684
8427
9728
9050
1060
6990
1138
8530
7732
1512
3928
4532
2520
7826
8033
6426
1109
6313
8162
5045
8945
3532
4408
5607
7991
8857
2200
1993
5858
2275
3086
4339
9583
1941
1571
3941
9653
5236
5440
6081
2570
1863
3356
4396
675
6875
7127
5730
6737
6255
1520
1684
6352
2343
9815
3308
8692
8052
2701
5603
3617
8978
3591
3615
8810
8899
4097
6142
8475
1212
580
2992
3126
7848
9333
2330
4018
7048
4880
3113
1270
8809
303
9750
1312
2107
1504
9898
8081
731
8148
8501
8059
3887
3828
966
8203
3588
704
9588
6779
3772
3266
2684
109
5867
2752
7894
9649
6476
4326
2830
8745
5301
6056
5032
2502
4877
4909
3019
9197
7895
2809
228
7429
7307
9469
2034
2826
1236
9618
8576
4443
4920
594
9806
2372
6237
4584
573
5979
1764
4218
6133
6628
1633
9296
7770
8785
6980
8584
2251
718
617
5337
2294
3385
82
9144
5206
8517
6978
3008
7852
9039
9833
97
9016
1407
112
4246
3733
5652
4926
7217
4546
2732
3316
138
5815
9491
1454
5277
4481
1788
7467
1185
9285
7963
1537
6353
6626
6460
1585
9443
7144
223
5092
2438
2919
8311
1556
5327
3039
7546
5608
8046
9602
6343
7279
8762
4435
9501
9601
3845
605
1426
6659
7204
1723
3181
1627
8349
618
2550
2670
6705
846
3628
5033
5663
7415
5680
1410
6874
5448
736
3800
4021
6724
5064
8532
5871
6264
8357
2512
323
415
3210
7386
5886
7851
5110
1398
3713
1802
2698
9658
5573
9430
2733
4227
9860
6836
8589
6959
1326
7102
4977
891
6324
8252
4017
3157
3962
5872
9693
7841
3050
1693
7366
7402
3336
9733
3778
5238
6117
6335
8342
7705
1606
4978
8676
3120
6812
4997
6283
4763
7711
4079
6939
1030
1155
7058
8007
620
5515
5596
7634
8167
2405
5475
7333
4256
6375
9098
2805
2394
9111
5577
1141
7326
9892
372
4151
998
2794
2381
2683
5341
4559
2079
4247
2772
8933
7936
5462
5189
6554
6066
4673
7839
5615
4941
2283
9470
300
2412
9589
3605
4174
2363
9194
782
7197
5128
2744
1437
2676
3337
6972
9644
5056
4007
9037
5521
7216
7431
3290
4492
3108
3379
3394
5578
111
5274
7140
2115
2468
5418
2142
6604
9772
1369
2183
375
854
5842
5689
6732
3705
2894
5214
633
401
742
5752
1972
5795
763
3105
2997
1542
6383
9569
9790
4844
7983
2323
3830
9774
8723
9401
9509
3103
8990
2763
6232
1082
6733
609
2449
5887
2775
7097
7555
7104
2035
9404
414
5917
7680
3684
6673
1345
9260
9585
2528
5485
9253
298
7393
1130
8563
4767
2591
1003
1535
6764
5574
2423
4607
6992
4694
4205
4778
6406
1917
4092
5975
5363
1257
3665
8407
2059
7688
2557
6331
3159
9677
8472
8958
7175
6692
3226
6284
8642
7286
1968
3896
1252
2435
3937
9134
268
3748
145
523
6868
6297
9375
9193
608
3060
845
9937
9767
8328
1804
3005
5985
349
8783
195
6070
705
8207
6985
1420
1129
6158
4368
7254
1245
9742
9528
395
8024
2765
587
7355
8121
4558
2601
2854
752
2321
498
1598
6599
9287
1026
3278
749
3034
5863
2781
7413
9906
8432
3461
1763
8757
7731
8794
9142
7614
1181
2704
9808
1357
1644
4070
3545
5167
9441
7568
927
7071
2876
3711
5788
7037
238
8156
9831
6790
6333
2458
7846
2613
8154
5618
7588
1408
4421
6246
3576
6570
9369
1793
7410
7739
7503
8296
5522
3282
9791
3052
4541
5794
3792
659
2404
1078
5548
8566
3414
7689
9527
1621
7521
1283
5369
9546
582
9711
5572
1893
816
9511
9820
6137
46
5575
860
3389
2403
1656
9853
4981
8778
1043
4686
5995
3390
1444
2037
1271
6322
6989
5805
7898
6292
117
5179
9998
2506
7569
7700
3053
4524
1469
9522
7512
9518
6407
2339
4810
368
1300
1083
4235
2749
5885
3242
2279
8201
2576
3551
687
9617
1031
2113
107
3240
6601
6596
9769
3118
7433
130
289
9432
2293
5227
9235
1846
7323
8895
4310
9534
5928
1937
4550
1620
8185
8717
9856
80
7573
8206
4750
7953
6667
5484
8394
3933
2398
5019
6306
3825
8168
9884
1188
2461
8381
9105
4942
2851
4951
4210
3981
2207
9462
8110
1727
1231
69
5446
6009
8594
1436
6285
3773
2448
2371
2621
8084
3553
5720
6823
6622
4141
3489
7302
888
3714
6187
3932
7479
7586
513
9465
7869
144
6099
5760
9805
1943
3746
1127
9424
3618
4044
6431
1701
2787
1548
6873
3354
1179
4244
8179
8315
9306
4522
8668
8169
2288
9876
5750
6786
6772
3198
206
4786
7622
1696
9749
5463
972
1820
1285
7289
4262
799
5931
9830
7053
1135
8583
1261
9992
15
4468
3469
829
5060
7970
7950
9551
3296
8720
4372
2127
5501
9636
4346
6981
4170
3557
1041
9577
5737
8571
9779
7992
2340
3654
8567
5669
1599
5377
9453
6093
800
1750
9650
64
2827
202
2865
4494
1954
2674
5741
945
377
6150
2262
2272
8235
5968
4298
4599
2648
6194
1811
1200
7710
7946
5556
2663
425
9669
9520
1220
8368
9942
9857
690
1492
7328
1810
5595
7951
7763
9125
7733
817
2297
2555
1854
2203
3831
6240
827
7564
3058
3682
2819
3123
5405
987
8921
9849
7180
5114
2227
505
1386
5722
902
2219
8787
1544
7261
6047
5881
7892
3686
5364
1330
4898
1151
311
4296
7397
964
51
4908
440
4147
4245
2976
3563
6385
7006
2891
3965
6499
2647
5982
9718
479
5565
347
5412
5175
5993
5913
5906
7523
2345
8912
3900
7212
1938
8165
9227
9744
7136
1949
4489
4823
7741
982
6890
9773
3328
8159
5767
6606
9845
5531
1892
9242
9459
7571
7627
3671
76
8525
7240
6885
8719
4708
5922
4458
7904
8283
3438
8885
2132
8147
4114
2791
6181
8674
5258
1309
2027
5202
6683
9073
3291
4869
399
8483
9359
4470
8957
4398
3191
1267
2019
7001
2750
1323
1399
2212
5743
9686
6719
9676
7134
9156
8450
4055
3071
4868
3658
2716
6055
6565
6096
1699
5225
3072
6263
6439
4939
8374
568
6249
7012
7748
9563
554
7230
9357
7944
8290
3637
783
5061
5798
3298
3268
9179
6689
5688
5254
3535
9017
7755
4019
8380
1779
2306
4142
786
7342
2549
7750
5813
6384
9376
733
1645
4387
9324
8126
5697
1304
1543
9246
5026
8960
6950
3765
2632
9866
8836
4899
9786
2689
9169
4116
3871
5461
7119
4905
5334
4359
5645
5232
3731
2840
1891
8305
2143
3570
629
8712
253
234
8383
3143
1374
4676
2190
6149
7339
5390
1453
9201
2001
8903
9311
7458
1596
8624
7919
7980
2524
6887
4162
8127
2166
1709
2810
1902
4377
5868
8955
5649
6122
48
6041
5711
3441
9057
4720
5912
7567
4687
351
8651
1514
7947
4845
4163
3004
7735
8222
9445
984
7024
3844
4365
4734
6832
5453
4098
691
3227
8242
2548
2863
91
5096
7942
2508
2106
6615
8837
5335
8549
3314
2332
9087
6146
1991
2914
7712
9548
7899
8266
5275
2224
9433
2168
1575
7250
2552
6857
3403
3164
6218
196
9127
7224
8573
6973
3656
5381
7249
2100
1960
8348
162
6022
6741
8089
9392
8466
1218
2980
7776
2039
2798
9038
35
3689
4511
8092
8892
9818
6030
9879
2785
7581
2466
1915
6771
3193
2395
5141
151
4284
2723
9595
224
4360
6045
5306
9461
8788
5259
4355
6575
7948
2131
2066
7056
8946
1828
3442
6471
3490
3517
835
9819
3767
4427
7716
8164
8233
3572
7394
7425
5551
388
6346
7457
5670
8331
8954
4594
2063
9084
7508
4733
8829
8421
5546
7296
5299
4695
7510
4300
3609
3249
6766
1473
7171
7271
4716
3911
3634
5062
8451
7641
3320
6388
9804
9245
5016
8009
4782
1124
8585
1430
9224
4004
5074
721
7734
9652
9932
3556
7968
7028
4912
1536
4439
7073
7690
823
7297
2242
341
8675
8187
788
5726
1619
577
3496
7491
6367
6230
251
8575
9383
3666
4320
6173
185
3151
6919
2638
8890
406
7665
7088
7260
6538
8548
8339
6028
3246
1795
3433
5537
3759
9827
6298
3624
5826
5759
7816
3357
7154
4228
862
3038
5536
1997
3936
3990
417
4335
382
4661
8504
4561
8487
9708
5707
2971
3196
9621
6783
4871
2238
7880
1768
5319
6391
7244
4167
4788
7868
1628
1174
2074
9329
9335
3763
7501
1624
1581
5675
4667
7162
9200
5422
6541
8376
7293
4440
5964
6579
4280
6974
2417
2149
6049
4990
5486
5374
6918
2522
4217
3173
6327
9049
362
4157
2907
9007
3466
1706
1259
5530
2414
1247
9047
4958
1286
3272
8214
8040
410
7149
4446
8424
8669
2197
1875
6514
8586
2089
8907
6785
4376
295
4347
6698
3814
7192
5598
1260
9837
3636
4631
4986
9053
9916
8401
3631
5262
9550
3315
6693
9883
4006
1356
376
4029
5300
5806
3995
7219
3022
8370
245
8134
5104
4615
7078
8259
7446
7416
9792
4456
6250
208
4115
6982
9963
2255
6727
8909
6789
5195
8015
443
428
4555
5612
3699
653
8690
4729
7771
6023
2706
1352
3500
3630
1246
7697
1568
3127
8700
4923
3093
5013
9191
745
1049
7556
1289
5704
5611
9299
8453
9872
2691
806
2256
3885
8891
5839
9638
7210
7345
4154
9187
3491
9834
7113
5833
2660
1976
4974
3709
1588
1134
3586
8868
7632
4164
5407
6644
2847
7059
9539
793
2554
636
1649
4814
7602
403
3982
9410
2849
3482
4580
5009
2051
986
1635
4672
3239
9917
5228
5517
668
2464
7777
2696
6259
3374
3835
7986
3882
6540
2718
9608
3935
2071
8442
4452
5894
5427
416
7971
7625
4548
9915
9787
2862
3398
9121
5160
9014
813
4107
4148
9081
2926
7823
7419
1926
7799
227
3452
3910
695
9623
9219
3144
9024
4234
6635
4946
4319
5137
7559
9407
6840
4583
6379
2178
5149
2454
5144
9865
6915
4966
3854
9348
9434
9334
8982
38
5318
3679
2201
6014
8630
4918
5671
3255
8254
4904
3245
8865
3745
8473
8171
5414
7862
6945
2253
9346
530
1953
4091
9695
9195
7359
1192
9086
4982
7549
7417
9000
8866
6802
6876
1970
3548
2260
2515
5946
5770
2217
5787
6537
8840
9175
7653
2232
4635
2511
3189
5557
8854
7601
329
7838
3247
2245
9003
9734
7360
6258
3188
7663
1343
780
1423
6844
9185
2755
6265
4794
6536
6495
9970
5579
7017
5217
5282
8090
7169
6983
2903
5791
8410
4841
7016
8377
215
5601
3206
8984
4627
3172
7768
3980
5904
735
6341
3857
277
1447
2480
6831
2204
491
5533
958
6835
2308
2408
3555
7727
5524
1661
5143
514
9316
2022
5321
8256
8002
4266
408
8779
8710
7740
3663
2748
7516
451
3984
9460
7396
3067
9394
5180
2086
8577
1460
3431
503
3155
3454
6220
542
3471
4858
2230
7797
4842
7760
4155
5877
5142
1629
299
5384
4760
2669
9975
647
726
1201
381
3468
7808
4184
5621
7836
3702
44
9788
23
2067
9181
8936
9647
231
3232
3399
280
4652
2829
5421
7514
9295
2259
4060
8309
4143
4542
5430
3858
363
8750
2271
2048
4790
3479
7513
6400
8173
2046
9213
3846
901
5695
5267
9472
2898
5350
1865
3771
8237
6842
6935
3480
7606
6418
197
3549
3397
4863
1760
9275
2551
4243
4677
1092
3450
1183
5168
6221
9591
939
1924
590
9390
8469
6294
177
3167
1166
6164
5933
7859
3653
379
8863
4590
1935
1006
3744
2645
919
2909
7319
1554
586
9690
2920
2281
9864
2970
8226
5156
6274
1371
5270
5655
4910
9495
7281
1505
4362
2782
2651
207
4035
2892
4715
1640
8198
3208
7835
2939
2379
3142
1429
5473
3392
1822
8773
2135
3055
4027
9979
2083
8519
4955
4145
6912
3065
4483
9204
9926
1365
9413
6871
8399
5732
509
7041
8016
5249
61
3986
3783
9826
3736
5641
9214
5999
2928
9843
9075
5506
1671
313
1395
740
4429
5840
54
2941
4596
7598
5184
9544
772
5055
9523
6838
7205
794
962
1186
5882
4721
6007
6465
3997
4533
7125
8613
4744
7884
5020
4056
3791
4022
4585
7806
9547
6084
3006
6817
6051
837
9013
7392
5535
1679
2432
8861
5592
6429
6850
8122
8740
8474
4334
9795
1284
4322
8050
4623
6748
301
