196
929
477
904
73
385
609
908
949
619
268
558
682
557
981
136
797
991
938
384
394
865
890
567
44
225
174
252
718
545
150
389
788
913
783
381
230
190
497
872
44
833
866
751
879
455
371
900
497
231
528
440
407
63
694
742
247
272
12
119
695
226
786
656
791
411
281
193
51
232
957
709
733
317
890
387
121
244
870
190
647
268
38
341
20
506
243
905
448
696
71
608
908
684
153
940
566
357
153
198
124
766
365
733
360
798
168
275
588
95
680
211
207
458
289
137
587
337
527
611
642
623
230
876
615
961
862
574
207
77
178
369
523
933
984
776
227
689
539
676
683
813
104
754
967
260
482
962
343
39
547
269
240
508
316
274
373
45
46
244
220
590
393
710
384
734
95
544
459
808
66
514
567
202
967
894
237
718
291
392
859
652
78
745
147
767
25
731
658
528
786
58
756
689
48
668
949
777
728
931
113
748
249
486
189
305
463
539
690
736
988
612
587
282
953
956
863
541
991
181
999
944
5
394
761
90
569
215
1
810
808
592
64
560
181
872
208
509
599
404
175
829
500
577
697
939
681
921
368
687
428
129
489
831
872
627
790
48
137
231
408
868
267
680
604
645
677
806
938
728
35
928
599
430
166
249
518
314
497
706
198
74
526
441
886
75
655
2
636
398
886
399
651
664
629
275
859
258
264
611
115
680
166
420
793
122
486
44
83
913
406
576
885
867
986
814
830
485
595
600
249
840
571
997
80
69
199
607
73
902
860
7
227
519
222
40
344
764
363
417
538
154
813
787
504
945
60
750
822
945
469
320
768
971
101
728
452
317
76
967
934
588
62
512
836
595
620
65
520
875
982
665
453
934
25
574
535
159
738
894
79
22
571
220
731
191
13
859
969
591
161
981
215
291
454
255
570
421
151
485
721
768
949
365
966
341
273
559
478
516
256
309
846
959
732
86
551
322
858
902
807
439
944
79
98
391
936
805
535
523
488
731
220
869
565
266
143
328
398
15
950
889
22
998
151
240
787
392
591
183
476
309
305
156
915
323
485
497
28
85
53
273
218
358
592
329
921
241
189
307
14
214
21
527
541
651
44
607
718
674
305
363
303
398
356
192
729
145
85
886
123
77
40
68
304
471
398
361
779
651
521
400
777
523
154
296
813
585
892
347
140
33
33
511
692
756
498
239
389
410
341
679
804
30
490
923
859
105
109
348
5
416
980
482
105
488
768
920
491
935
899
33
535
304
790
63
285
53
456
521
664
398
994
113
169
228
247
556
773
854
454
86
179
172
78
991
907
610
798
538
452
42
114
503
812
925
47
839
701
870
130
662
876
101
564
598
993
939
924
162
965
858
928
362
868
242
125
145
203
203
151
325
820
967
376
753
611
523
432
500
869
570
548
974
916
186
334
709
715
500
959
417
494
598
165
744
845
563
412
522
807
597
236
698
110
538
68
770
155
162
347
500
975
628
860
259
88
789
411
414
851
347
889
14
112
990
382
819
154
745
533
340
65
266
497
606
874
938
494
153
746
822
251
182
193
645
500
765
270
293
777
502
640
963
502
830
685
333
948
264
574
143
600
408
784
621
465
280
793
6
115
886
399
144
522
954
424
298
776
659
132
124
547
828
169
334
810
983
258
792
755
259
925
628
468
9
860
384
801
689
612
860
873
653
106
710
200
36
662
610
441
242
18
985
203
280
993
860
911
564
632
154
649
879
829
922
814
297
145
124
321
443
726
402
934
842
508
331
945
813
235
790
548
636
389
108
981
817
756
566
16
438
257
225
240
990
196
350
843
367
36
417
171
109
571
453
233
201
258
583
28
219
329
925
297
38
513
87
597
393
731
818
630
672
236
856
39
724
859
257
136
280
330
963
926
276
231
164
847
72
764
561
558
941
575
846
176
682
781
929
359
217
615
723
539
435
801
308
806
401
584
871
996
65
692
270
931
253
323
935
800
361
9
253
67
58
458
71
474
482
219
85
807
467
696
938
161
777
49
578
931
431
283
863
165
131
929
537
916
784
386
974
98
644
92
351
284
872
504
203
677
785
2
635
503
60
904
619
815
464
40
319
714
183
888
53
706
430
300
331
442
838
478
104
492
739
194
762
229
586
122
126
47
487
336
892
193
891
925
76
389
55
689
178
88
50
699
676
401
36
980
86
714
232
472
715
117
458
754
780
162
164
153
134
606
787
669
571
267
454
579
472
744
272
346
929
111
884
808
350
907
586
237
571
142
933
919
32
290
359
883
375
290
327
26
290
903
639
105
991
